xof 0303txt 0032

template XSkinMeshHeader {
  <3cf169ce-ff7c-44ab-93c0-f78f62d172e2>
  WORD nMaxSkinWeightsPerVertex;
  WORD nMaxSkinWeightsPerFace;
  WORD nBones;
}

template SkinWeights {
  <6f0d123b-bad2-4167-a0d0-80224f25fabb>
  STRING transformNodeName;
  DWORD nWeights;
  array DWORD vertexIndices[nWeights];
  array float weights[nWeights];
  Matrix4x4 matrixOffset;
}

Frame Root {
  FrameTransformMatrix {
     1.000000, 0.000000, 0.000000, 0.000000,
     0.000000,-0.000000, 1.000000, 0.000000,
     0.000000, 1.000000, 0.000000, 0.000000,
     0.000000, 0.000000, 0.000000, 1.000000;;
  }
  Frame Armature {
    FrameTransformMatrix {
       1.000000, 0.000000, 0.000000, 0.000000,
       0.000000, 1.000000, 0.000000, 0.000000,
       0.000000, 0.000000, 1.000000, 0.000000,
       0.000000, 0.000000, 0.000000, 1.000000;;
    }
    Frame Armature_Hat {
      FrameTransformMatrix {
        -1.000000,-0.000000, 0.000000, 0.000000,
         0.000000, 0.000000, 1.000000, 0.000000,
        -0.000000, 1.000000, 0.000000, 0.000000,
         0.000000, 0.000000,163.555908, 1.000000;;
      }
    } // End of Armature_Hat
    Frame Armature_Root {
      FrameTransformMatrix {
         1.000000, 0.000000, 0.000000, 0.000000,
        -0.000000, 1.000000, 0.000000, 0.000000,
         0.000000, 0.000000, 1.000000, 0.000000,
         0.000000, 0.000000, 3.431031, 1.000000;;
      }
      Frame Armature_Leg_Control_L {
        FrameTransformMatrix {
           1.000000,-0.000000, 0.000000, 0.000000,
           0.000000, 1.000000, 0.000000, 0.000000,
           0.000000, 0.000000, 1.000000, 0.000000,
          -10.468678,-7.865726, 0.007515, 1.000000;;
        }
        Frame Armature_Foot_Roll_L {
          FrameTransformMatrix {
            -0.999876, 0.014760, 0.005408, 0.000000,
            -0.009051,-0.821863, 0.569613, 0.000000,
             0.012852, 0.569493, 0.821895, 0.000000,
            -0.036597,18.736168, 0.321401, 1.000000;;
          }
          Frame Armature_Leg_ik_L {
            FrameTransformMatrix {
               0.999876, 0.009051,-0.012852, 0.000000,
              -0.014760, 0.821863,-0.569494, 0.000000,
               0.005408, 0.569613, 0.821895, 0.000000,
               0.000002,16.246895, 0.000001, 1.000000;;
            }
          } // End of Armature_Leg_ik_L
        } // End of Armature_Foot_Roll_L
        Frame Armature_Foot_L {
          FrameTransformMatrix {
             0.999917, 0.007348, 0.010602, 0.000000,
            -0.000000, 0.821897,-0.569636, 0.000000,
            -0.012899, 0.569589, 0.821828, 0.000000,
            -0.036596, 5.383440, 9.575850, 1.000000;;
          }
          Frame Armature_Toes_L {
            FrameTransformMatrix {
               0.999839, 0.017923,-0.000475, 0.000000,
              -0.014763, 0.837994, 0.545479, 0.000000,
               0.010175,-0.545385, 0.838124, 0.000000,
               0.000000,16.246233,-0.000001, 1.000000;;
            }
          } // End of Armature_Toes_L
        } // End of Armature_Foot_L
        Frame Armature_Toes_Control_L {
          FrameTransformMatrix {
             1.000000,-0.000000, 0.000001, 0.000000,
             0.000000, 0.999573,-0.029226, 0.000000,
            -0.000001, 0.029226, 0.999573, 0.000000,
            -0.183654,18.736168, 0.321409, 1.000000;;
          }
        } // End of Armature_Toes_Control_L
      } // End of Armature_Leg_Control_L
      Frame Armature_Leg_Control_R {
        FrameTransformMatrix {
           1.000000,-0.000000, 0.000000, 0.000000,
           0.000000, 1.000000, 0.000000, 0.000000,
           0.000000, 0.000000, 1.000000, 0.000000,
          10.468678,-7.865726, 0.007515, 1.000000;;
        }
        Frame Armature_Foot_Roll_R {
          FrameTransformMatrix {
            -0.999876,-0.014760,-0.005408, 0.000000,
             0.009051,-0.821863, 0.569613, 0.000000,
            -0.012852, 0.569493, 0.821895, 0.000000,
             0.036593,18.736168, 0.321401, 1.000000;;
          }
          Frame Armature_Leg_ik_R {
            FrameTransformMatrix {
               0.999876,-0.009051, 0.012852, 0.000000,
               0.014760, 0.821863,-0.569493, 0.000000,
              -0.005408, 0.569613, 0.821895, 0.000000,
              -0.000001,16.246895, 0.000001, 1.000000;;
            }
          } // End of Armature_Leg_ik_R
        } // End of Armature_Foot_Roll_R
        Frame Armature_Foot_R {
          FrameTransformMatrix {
             0.999754,-0.022177,-0.000225, 0.000000,
             0.018100, 0.821762,-0.569543, 0.000000,
             0.012816, 0.569399, 0.821961, 0.000000,
             0.036594, 5.383438, 9.575850, 1.000000;;
          }
          Frame Armature_Toes_R {
            FrameTransformMatrix {
               0.999033, 0.036016, 0.025230, 0.000000,
              -0.043948, 0.837463, 0.544725, 0.000000,
              -0.001510,-0.545307, 0.838235, 0.000000,
              -0.000000,16.248898, 0.000000, 1.000000;;
            }
          } // End of Armature_Toes_R
        } // End of Armature_Foot_R
        Frame Armature_Toes_Control_R {
          FrameTransformMatrix {
             1.000000,-0.000000, 0.000001, 0.000000,
             0.000000, 0.999573,-0.029226, 0.000000,
            -0.000001, 0.029226, 0.999573, 0.000000,
             0.183649,18.736168, 0.321409, 1.000000;;
          }
        } // End of Armature_Toes_Control_R
      } // End of Armature_Leg_Control_R
      Frame Armature_Leg_pole_target_L {
        FrameTransformMatrix {
           1.000000, 0.000000, 0.000000, 0.000000,
          -0.000000, 1.000000, 0.000000, 0.000000,
           0.000000, 0.000000, 1.000000, 0.000000,
          -10.505272,28.545498,41.935558, 1.000000;;
        }
      } // End of Armature_Leg_pole_target_L
      Frame Armature_Leg_pole_target_R {
        FrameTransformMatrix {
           1.000000, 0.000000, 0.000000, 0.000000,
           0.000000, 1.000000, 0.000000, 0.000000,
           0.000000, 0.000000, 1.000000, 0.000000,
          10.505273,28.545496,41.935558, 1.000000;;
        }
      } // End of Armature_Leg_pole_target_R
      Frame Armature_Torso {
        FrameTransformMatrix {
           1.000000, 0.000000,-0.000000, 0.000000,
          -0.000000, 0.067092, 0.997747, 0.000000,
           0.000000,-0.997747, 0.067092, 0.000000,
           0.000000, 0.000000,67.343330, 1.000000;;
        }
        Frame Armature_Chest {
          FrameTransformMatrix {
            -1.000000,-0.000000, 0.000000, 0.000000,
            -0.000000, 0.994041, 0.109006, 0.000000,
            -0.000000, 0.109006,-0.994041, 0.000000,
            -0.000000,29.685513, 0.000000, 1.000000;;
          }
          Frame Armature_Neck {
            FrameTransformMatrix {
              -1.000000, 0.000000,-0.000001, 0.000000,
              -0.000000, 0.979847, 0.199751, 0.000000,
               0.000001, 0.199751,-0.979847, 0.000000,
               0.000000,29.134783,-0.000000, 1.000000;;
            }
            Frame Armature_Head {
              FrameTransformMatrix {
                 1.000000,-0.000000, 0.000001, 0.000000,
                 0.000000, 0.988580, 0.150695, 0.000000,
                -0.000001,-0.150695, 0.988580, 0.000000,
                 0.000000, 5.508027, 0.000001, 1.000000;;
              }
            } // End of Armature_Head
          } // End of Armature_Neck
          Frame Armature_Upper_Arm_L {
            FrameTransformMatrix {
               0.159024,-0.041532, 0.986400, 0.000000,
               0.616044,-0.776570,-0.132014, 0.000000,
               0.771493, 0.628660,-0.097908, 0.000000,
              15.647644,21.944643,-2.876321, 1.000000;;
            }
            Frame Armature_Lower_Arm_L {
              FrameTransformMatrix {
                 0.866053,-0.311962,-0.390681, 0.000000,
                 0.282048, 0.950079,-0.133408, 0.000000,
                 0.412796, 0.005348, 0.910808, 0.000000,
                -0.000000,30.877419,-0.000003, 1.000000;;
              }
              Frame Armature_Hand_L {
                FrameTransformMatrix {
                   0.977699,-0.118477,-0.173398, 0.000000,
                   0.144791, 0.978341, 0.147934, 0.000000,
                   0.152116,-0.169741, 0.973678, 0.000000,
                   0.000002,27.621672,-0.000005, 1.000000;;
                }
                Frame Armature_Fingers01_L {
                  FrameTransformMatrix {
                     0.760213,-0.447918,-0.470579, 0.000000,
                     0.230953, 0.863342,-0.448667, 0.000000,
                     0.607237, 0.232401, 0.759772, 0.000000,
                    -0.000001, 9.845143,-0.000002, 1.000000;;
                  }
                  Frame Armature_Fingers02_L {
                    FrameTransformMatrix {
                       0.605893,-0.282809,-0.743581, 0.000000,
                       0.267988, 0.952608,-0.143944, 0.000000,
                       0.749050,-0.112056, 0.652968, 0.000000,
                       0.000002, 3.554047, 0.000001, 1.000000;;
                    }
                  } // End of Armature_Fingers02_L
                } // End of Armature_Fingers01_L
                Frame Armature_Thumb01_L {
                  FrameTransformMatrix {
                    -0.148443,-0.681813,-0.716307, 0.000000,
                     0.988920,-0.101311,-0.108505, 0.000000,
                     0.001410,-0.724477, 0.689298, 0.000000,
                     2.732729, 6.461205,-0.070806, 1.000000;;
                  }
                  Frame Armature_Thumb02_L {
                    FrameTransformMatrix {
                       0.975754,-0.218871,-0.000312, 0.000000,
                       0.218797, 0.975382, 0.027529, 0.000000,
                      -0.005721,-0.026930, 0.999621, 0.000000,
                      -0.000004, 3.204455,-0.000003, 1.000000;;
                    }
                  } // End of Armature_Thumb02_L
                } // End of Armature_Thumb01_L
              } // End of Armature_Hand_L
            } // End of Armature_Lower_Arm_L
          } // End of Armature_Upper_Arm_L
          Frame Armature_Upper_Arm_R {
            FrameTransformMatrix {
               0.159025, 0.041533,-0.986400, 0.000000,
              -0.616044,-0.776570,-0.132015, 0.000000,
              -0.771492, 0.628660,-0.097908, 0.000000,
              -15.647642,21.944635,-2.876338, 1.000000;;
            }
            Frame Armature_Lower_Arm_R {
              FrameTransformMatrix {
                 0.866053, 0.311962, 0.390681, 0.000000,
                -0.282048, 0.950079,-0.133409, 0.000000,
                -0.412796, 0.005348, 0.910808, 0.000000,
                -0.000000,30.877419,-0.000003, 1.000000;;
              }
              Frame Armature_Hand_R {
                FrameTransformMatrix {
                   0.977700, 0.118477, 0.173398, 0.000000,
                  -0.144791, 0.978341, 0.147934, 0.000000,
                  -0.152116,-0.169742, 0.973678, 0.000000,
                  -0.000001,27.621706,-0.000015, 1.000000;;
                }
                Frame Armature_Fingers01_R {
                  FrameTransformMatrix {
                     0.760213, 0.447918, 0.470579, 0.000000,
                    -0.230953, 0.863342,-0.448666, 0.000000,
                    -0.607236, 0.232400, 0.759772, 0.000000,
                    -0.000001, 9.845144, 0.000002, 1.000000;;
                  }
                  Frame Armature_Fingers02_R {
                    FrameTransformMatrix {
                       0.605892, 0.282811, 0.743581, 0.000000,
                      -0.267989, 0.952608,-0.143945, 0.000000,
                      -0.749050,-0.112056, 0.652968, 0.000000,
                      -0.000001, 3.554034, 0.000004, 1.000000;;
                    }
                  } // End of Armature_Fingers02_R
                } // End of Armature_Fingers01_R
                Frame Armature_Thumb01_R {
                  FrameTransformMatrix {
                    -0.148445, 0.681814, 0.716306, 0.000000,
                    -0.988920,-0.101311,-0.108508, 0.000000,
                    -0.001413,-0.724476, 0.689298, 0.000000,
                    -2.732731, 6.461205,-0.070804, 1.000000;;
                  }
                  Frame Armature_Thumb02_R {
                    FrameTransformMatrix {
                       0.975754, 0.218869, 0.000314, 0.000000,
                      -0.218795, 0.975382, 0.027532, 0.000000,
                       0.005720,-0.026933, 0.999621, 0.000000,
                      -0.000000, 3.204458, 0.000006, 1.000000;;
                    }
                  } // End of Armature_Thumb02_R
                } // End of Armature_Thumb01_R
              } // End of Armature_Hand_R
            } // End of Armature_Lower_Arm_R
          } // End of Armature_Upper_Arm_R
        } // End of Armature_Chest
        Frame Armature_Upper_Leg_L {
          FrameTransformMatrix {
             1.000000, 0.000000, 0.000000, 0.000000,
             0.000000,-0.996063,-0.088649, 0.000000,
             0.000000, 0.088649,-0.996104, 0.000000,
            -10.505274, 0.068586, 0.341660, 1.000000;;
          }
          Frame Armature_Lower_Leg_L {
            FrameTransformMatrix {
              -1.000000,-0.000000, 0.000000, 0.000000,
              -0.000000, 0.994513,-0.104612, 0.000000,
              -0.000000,-0.104612,-0.994513, 0.000000,
              -0.000000,25.505085, 0.000000, 1.000000;;
            }
          } // End of Armature_Lower_Leg_L
        } // End of Armature_Upper_Leg_L
        Frame Armature_Upper_Leg_R {
          FrameTransformMatrix {
             1.000000, 0.000000, 0.000000, 0.000000,
             0.000000,-0.996063,-0.088649, 0.000000,
             0.000000, 0.088649,-0.996104, 0.000000,
            10.505272, 0.068586, 0.341668, 1.000000;;
          }
          Frame Armature_Lower_Leg_R {
            FrameTransformMatrix {
              -1.000000,-0.000000, 0.000000, 0.000000,
              -0.000000, 0.994513,-0.104612, 0.000000,
              -0.000000,-0.104612,-0.994513, 0.000000,
              -0.000000,25.505087,-0.000000, 1.000000;;
            }
          } // End of Armature_Lower_Leg_R
        } // End of Armature_Upper_Leg_R
      } // End of Armature_Torso
    } // End of Armature_Root
    Frame Character {
      FrameTransformMatrix {
         1.000000, 0.000000, 0.000000, 0.000000,
         0.000000, 1.000000, 0.000000, 0.000000,
         0.000000, 0.000000, 1.000000, 0.000000,
         0.000000, 0.000000, 0.000000, 1.000000;;
      }
      Mesh { // Character mesh
        3292;
        -4.404243;-18.729544;159.708755;,
        -4.473404;-18.523642;153.078278;,
        -0.000048;-19.717552;153.038071;,
        -0.000047;-19.863838;159.926926;,
        -4.534348;-17.994726;163.300095;,
        -0.000048;-19.103025;163.623840;,
        -0.000048;-17.713484;167.196777;,
        -4.256020;-16.655722;166.765686;,
        -12.271222;-15.613688;162.393158;,
        -11.505926;-14.157462;165.699234;,
        -14.868323;-12.978382;163.797241;,
        -15.821963;-13.745732;161.856964;,
        -12.320221;-15.839435;159.401581;,
        -15.832005;-13.867752;159.439423;,
        -16.061853;-13.720010;153.217972;,
        -12.504308;-15.524869;153.168228;,
        -18.559885;-9.968739;159.077438;,
        -18.843098;-8.689064;151.004837;,
        -16.061853;-13.720010;153.217972;,
        -15.832005;-13.867752;159.439423;,
        -19.562542; 8.206220;159.434540;,
        -19.814327; 6.527186;153.939636;,
        -21.065660; 1.661349;152.970062;,
        -20.690430; 1.254716;160.035889;,
        -18.917862; 8.779428;163.465012;,
        -19.989407; 1.264406;164.478394;,
        -17.795246; 1.170534;168.404068;,
        -16.866608; 8.791585;167.032806;,
        -18.917862; 8.779428;163.465012;,
        -16.866608; 8.791585;167.032806;,
        -13.991784;14.288060;164.822571;,
        -15.024055;15.408031;162.308853;,
        -19.562542; 8.206220;159.434540;,
        -15.013421;15.412289;159.376907;,
        -15.385621;15.388393;156.574646;,
        -19.814327; 6.527186;153.939636;,
        -5.013118;20.006580;159.008926;,
        -0.959219;21.043427;159.218536;,
        -4.509586;21.122082;153.912567;,
        -6.478707;20.064484;153.943176;,
        -12.041069;17.191008;158.834534;,
        -12.774512;17.197636;154.759521;,
        -15.385621;15.388393;156.574646;,
        -15.013421;15.412289;159.376907;,
        -11.851046;16.830288;163.438934;,
        -15.024055;15.408031;162.308853;,
        -13.991784;14.288060;164.822571;,
        -10.952686;15.110645;167.644684;,
        -4.785738;19.397133;164.076965;,
        -4.152138;17.320145;168.710663;,
        -0.000062;18.179401;168.617599;,
        -0.506391;20.369669;164.500549;,
        -4.389139;10.137603;173.920578;,
        -4.622737; 0.968377;175.820572;,
        -0.000056; 0.829496;176.589020;,
        -0.000059;10.550789;174.642319;,
        -4.389139;10.137603;173.920578;,
        -0.000059;10.550789;174.642319;,
        -0.000062;18.179401;168.617599;,
        -4.152138;17.320145;168.710663;,
        -12.307014; 9.400182;171.477600;,
        -10.952686;15.110645;167.644684;,
        -13.991784;14.288060;164.822571;,
        -16.866608; 8.791585;167.032806;,
        -12.307014; 9.400182;171.477600;,
        -16.866608; 8.791585;167.032806;,
        -17.795246; 1.170534;168.404068;,
        -12.966841; 1.153074;173.237061;,
        -4.605334;-4.536338;175.083130;,
        -0.000053;-4.961713;175.809753;,
        -0.000056; 0.829496;176.589020;,
        -4.622737; 0.968377;175.820572;,
        -12.922579;-3.775691;172.606796;,
        -12.966841; 1.153074;173.237061;,
        -17.795246; 1.170534;168.404068;,
        -17.770645;-3.160884;167.826309;,
        -18.843098;-8.689064;151.004837;,
        -20.339699;-3.134005;148.653580;,
        -18.245806;-5.827307;145.926590;,
        -17.325600;-9.587969;146.009430;,
        -12.504308;-15.524869;153.168228;,
        -16.061853;-13.720010;153.217972;,
        -14.824221;-12.528819;146.606827;,
        -11.862572;-14.264148;145.839111;,
        -4.473404;-18.523642;153.078278;,
        -8.946762;-17.329731;153.118469;,
        -8.534218;-16.054434;145.609253;,
        -4.473405;-17.249260;145.568848;,
        -16.029709;-8.872253;142.505051;,
        -17.020681;-6.052459;143.267532;,
        -15.315431;-6.335519;140.934616;,
        -13.476507;-7.186259;139.598801;,
        -10.657583;-12.556527;141.817184;,
        -13.603814;-10.798326;142.609726;,
        -11.996393;-8.407837;138.325546;,
        -9.164120;-10.060234;137.493759;,
        -4.070216;-15.291362;141.572266;,
        -7.859366;-14.308046;141.451202;,
        -6.943870;-11.712630;136.971664;,
        -3.567006;-12.853966;136.550949;,
         4.404147;-18.752705;159.721375;,
        -0.000047;-19.863838;159.926926;,
        -0.000048;-19.717552;153.038071;,
         4.473309;-18.523640;153.078278;,
         4.534252;-18.478159;163.563782;,
         4.255923;-16.655718;166.765686;,
        -0.000048;-17.713484;167.196777;,
        -0.000048;-19.103025;163.623840;,
        12.264093;-15.303885;162.660126;,
        15.835624;-14.049234;161.830215;,
        14.911891;-13.089957;164.036224;,
        11.505825;-14.124025;165.727875;,
        12.320123;-15.798972;159.436234;,
        12.504208;-15.524858;153.168228;,
        16.061752;-13.719997;153.217972;,
        15.831906;-14.001001;159.382309;,
        20.765442;-2.285707;159.387238;,
        20.838911;-0.514634;150.637115;,
        21.065550; 1.661366;152.970062;,
        20.690319; 1.254732;160.035889;,
        19.592283; 8.206234;158.792526;,
        20.690319; 1.254732;160.035889;,
        21.065550; 1.661366;152.970062;,
        19.912247; 6.527202;151.831909;,
        19.014404; 8.865941;163.274750;,
        17.007908; 8.981099;167.344818;,
        17.932123; 1.107944;168.888504;,
        20.066133; 1.234239;164.694885;,
        19.014404; 8.865941;163.274750;,
        15.525837;15.422355;161.811081;,
        14.283220;14.354938;164.862976;,
        17.007908; 8.981099;167.344818;,
        19.592283; 8.206234;158.792526;,
        19.912247; 6.527202;151.831909;,
        15.632467;15.388404;153.414017;,
        15.683368;15.412299;158.348129;,
         6.036898;20.006584;159.260345;,
         5.811413;20.064486;156.782944;,
        -4.509586;21.122082;153.912567;,
        -0.959219;21.043427;159.218536;,
        12.469175;17.191019;159.402908;,
        15.683368;15.412299;158.348129;,
        15.632467;15.388404;153.414017;,
        13.029102;17.197647;156.625565;,
        11.811074;16.835447;163.337936;,
        10.952565;15.110655;167.644684;,
        14.283220;14.354938;164.862976;,
        15.525837;15.422355;161.811081;,
         5.297678;19.396343;164.205231;,
        -0.506391;20.369669;164.500549;,
        -0.000062;18.179401;168.617599;,
         4.152014;17.320148;168.710663;,
         4.389020;10.137606;173.920578;,
        -0.000059;10.550789;174.642319;,
        -0.000056; 0.829496;176.589020;,
         4.622626; 0.968381;175.820572;,
         4.389020;10.137606;173.920578;,
         4.152014;17.320148;168.710663;,
        -0.000062;18.179401;168.617599;,
        -0.000059;10.550789;174.642319;,
        12.306894; 9.400190;171.477600;,
        17.007908; 8.981099;167.344818;,
        14.283220;14.354938;164.862976;,
        10.952565;15.110655;167.644684;,
        12.306894; 9.400190;171.477600;,
        12.966731; 1.153084;173.237061;,
        17.932123; 1.107944;168.888504;,
        17.007908; 8.981099;167.344818;,
         4.605227;-4.536335;175.083130;,
         4.622626; 0.968381;175.820572;,
        -0.000056; 0.829496;176.589020;,
        -0.000053;-4.961713;175.809753;,
        12.276601;-11.663340;168.756073;,
        11.505825;-14.124025;165.727875;,
        14.911891;-13.089957;164.036224;,
        16.429047;-10.769324;165.964142;,
        18.682783;-8.585423;151.041992;,
        17.658155;-8.950459;145.576904;,
        18.384119;-5.089556;145.671173;,
        19.993513;-2.971532;148.726028;,
        12.504208;-15.524858;153.168228;,
        12.504208;-14.250474;145.658813;,
        15.284367;-12.091945;145.981659;,
        16.061752;-13.719997;153.217972;,
         4.473309;-18.523640;153.078278;,
         4.473308;-17.249256;145.568848;,
         8.946665;-16.055340;145.609055;,
         8.946665;-17.329723;153.118469;,
        16.416269;-8.391664;142.493118;,
        14.281350;-6.891782;140.078690;,
        16.449017;-5.794672;141.830368;,
        17.438631;-5.322889;143.544250;,
        11.122712;-12.558608;141.781570;,
         9.484885;-10.060225;137.631256;,
        12.026000;-8.407827;138.290863;,
        13.913445;-10.650878;142.315247;,
         4.068017;-15.291776;141.571228;,
         3.609312;-12.853962;136.613831;,
         6.943768;-11.712625;136.971664;,
         8.057568;-14.309739;141.446716;,
         8.808339;-17.597149;159.490128;,
         4.404147;-18.752705;159.721375;,
         4.473309;-18.523640;153.078278;,
         8.946665;-17.329723;153.118469;,
         8.945193;-16.886696;162.982315;,
         8.511893;-15.597952;166.334610;,
         4.255923;-16.655718;166.765686;,
         4.534252;-18.478159;163.563782;,
         8.055293;18.969742;158.612061;,
         6.487040;19.006889;153.777710;,
         5.811413;20.064486;156.782944;,
         6.036898;20.006584;159.260345;,
         8.467183;18.342798;163.800873;,
         5.297678;19.396343;164.205231;,
         4.152014;17.320148;168.710663;,
         8.304090;16.302551;168.566238;,
         8.778099; 9.724422;173.198792;,
         4.389020;10.137606;173.920578;,
         4.622626; 0.968381;175.820572;,
         9.245308; 1.107265;175.052094;,
         8.778099; 9.724422;173.198792;,
         8.304090;16.302551;168.566238;,
         4.152014;17.320148;168.710663;,
         4.389020;10.137606;173.920578;,
         9.180580;-4.113285;174.345322;,
         9.245308; 1.107265;175.052094;,
         4.622626; 0.968381;175.820572;,
         4.605227;-4.536335;175.083130;,
        -0.000048;-19.717552;153.038071;,
        -0.000048;-18.443171;145.528656;,
         4.473308;-17.249256;145.568848;,
         4.473309;-18.523640;153.078278;,
        -0.000049;-16.824816;141.403381;,
        -0.061750;-13.580694;136.253021;,
         3.609312;-12.853962;136.613831;,
         4.068017;-15.291776;141.571228;,
         8.945193;-16.886696;162.982315;,
        12.264093;-15.303885;162.660126;,
        11.505825;-14.124025;165.727875;,
         8.511893;-15.597952;166.334610;,
         8.808339;-17.597149;159.490128;,
         8.946665;-17.329723;153.118469;,
        12.504208;-15.524858;153.168228;,
        12.320123;-15.798972;159.436234;,
         8.055293;18.969742;158.612061;,
        12.469175;17.191019;159.402908;,
        13.029102;17.197647;156.625565;,
         6.487040;19.006889;153.777710;,
         8.467183;18.342798;163.800873;,
         8.304090;16.302551;168.566238;,
        10.952565;15.110655;167.644684;,
        11.811074;16.835447;163.337936;,
         8.778099; 9.724422;173.198792;,
        12.306894; 9.400190;171.477600;,
        10.952565;15.110655;167.644684;,
         8.304090;16.302551;168.566238;,
         8.778099; 9.724422;173.198792;,
         9.245308; 1.107265;175.052094;,
        12.966731; 1.153084;173.237061;,
        12.306894; 9.400190;171.477600;,
         8.946665;-17.329723;153.118469;,
         8.946665;-16.055340;145.609055;,
        12.504208;-14.250474;145.658813;,
        12.504208;-15.524858;153.168228;,
         8.057568;-14.309739;141.446716;,
         6.943768;-11.712625;136.971664;,
         9.484885;-10.060225;137.631256;,
        11.122712;-12.558608;141.781570;,
        -8.808438;-17.597157;159.490128;,
        -8.946762;-17.329731;153.118469;,
        -4.473404;-18.523642;153.078278;,
        -4.404243;-18.729544;159.708755;,
        -8.945292;-16.899439;162.971405;,
        -4.534348;-17.994726;163.300095;,
        -4.256020;-16.655722;166.765686;,
        -8.511992;-15.597959;166.334610;,
        -8.005344;18.969736;159.089172;,
        -5.013118;20.006580;159.008926;,
        -6.478707;20.064484;153.943176;,
        -8.896688;19.006884;155.791763;,
        -8.432899;18.349129;164.030533;,
        -8.304214;16.302544;168.566238;,
        -4.152138;17.320145;168.710663;,
        -4.785738;19.397133;164.076965;,
        -8.778218; 9.724415;173.198792;,
        -9.245419; 1.107258;175.052094;,
        -4.622737; 0.968377;175.820572;,
        -4.389139;10.137603;173.920578;,
        -8.778218; 9.724415;173.198792;,
        -4.389139;10.137603;173.920578;,
        -4.152138;17.320145;168.710663;,
        -8.304214;16.302544;168.566238;,
        -9.180686;-4.113293;174.345322;,
        -4.605334;-4.536338;175.083130;,
        -4.622737; 0.968377;175.820572;,
        -9.245419; 1.107258;175.052094;,
        -0.000048;-19.717552;153.038071;,
        -4.473404;-18.523642;153.078278;,
        -4.473405;-17.249260;145.568848;,
        -0.000048;-18.443171;145.528656;,
        -0.000049;-16.824816;141.403381;,
        -4.070216;-15.291362;141.572266;,
        -3.567006;-12.853966;136.550949;,
        -0.061750;-13.580694;136.253021;,
        -8.945292;-16.899439;162.971405;,
        -8.511992;-15.597959;166.334610;,
        -11.505926;-14.157462;165.699234;,
        -12.271222;-15.613688;162.393158;,
        -8.808438;-17.597157;159.490128;,
        -12.320221;-15.839435;159.401581;,
        -12.504308;-15.524869;153.168228;,
        -8.946762;-17.329731;153.118469;,
        -8.005344;18.969736;159.089172;,
        -8.896688;19.006884;155.791763;,
        -12.774512;17.197636;154.759521;,
        -12.041069;17.191008;158.834534;,
        -8.432899;18.349129;164.030533;,
        -11.851046;16.830288;163.438934;,
        -10.952686;15.110645;167.644684;,
        -8.304214;16.302544;168.566238;,
        -8.778218; 9.724415;173.198792;,
        -8.304214;16.302544;168.566238;,
        -10.952686;15.110645;167.644684;,
        -12.307014; 9.400182;171.477600;,
        -8.778218; 9.724415;173.198792;,
        -12.307014; 9.400182;171.477600;,
        -12.966841; 1.153074;173.237061;,
        -9.245419; 1.107258;175.052094;,
        -9.180686;-4.113293;174.345322;,
        -9.245419; 1.107258;175.052094;,
        -12.966841; 1.153074;173.237061;,
        -12.922579;-3.775691;172.606796;,
        -8.946762;-17.329731;153.118469;,
        -12.504308;-15.524869;153.168228;,
        -11.862572;-14.264148;145.839111;,
        -8.534218;-16.054434;145.609253;,
        -7.859366;-14.308046;141.451202;,
        -10.657583;-12.556527;141.817184;,
        -9.164120;-10.060234;137.493759;,
        -6.943870;-11.712630;136.971664;,
        -3.567006;-12.853966;136.550949;,
        -2.386791;-10.112838;138.099823;,
        -0.000051;-11.036325;137.803848;,
        -0.061750;-13.580694;136.253021;,
         9.484885;-10.060225;137.631256;,
         7.707852;-7.405879;139.720718;,
        10.447854;-6.136012;141.048111;,
        12.026000;-8.407827;138.290863;,
        -12.774512;17.197636;154.759521;,
        -10.666304;13.857509;155.192276;,
        -13.025167;11.659656;155.924042;,
        -15.385621;15.388393;156.574646;,
        15.632467;15.388404;153.414017;,
        13.448162;12.141343;153.698273;,
        12.276950;14.146032;155.982819;,
        13.029102;17.197647;156.625565;,
        13.029102;17.197647;156.625565;,
        12.276950;14.146032;155.982819;,
         6.223155;15.394943;154.824615;,
         6.487040;19.006889;153.777710;,
        -8.896688;19.006884;155.791763;,
        -7.330182;15.370077;155.067993;,
        -10.666304;13.857509;155.192276;,
        -12.774512;17.197636;154.759521;,
        19.912247; 6.527202;151.831909;,
        15.891726; 6.145725;152.253708;,
        13.448162;12.141343;153.698273;,
        15.632467;15.388404;153.414017;,
        -15.385621;15.388393;156.574646;,
        -13.025167;11.659656;155.924042;,
        -15.776196; 6.025637;154.258194;,
        -19.814327; 6.527186;153.939636;,
        -11.996393;-8.407837;138.325546;,
        -10.447961;-6.136020;141.048111;,
        -7.654479;-7.405886;139.697800;,
        -9.164120;-10.060234;137.493759;,
         6.943768;-11.712625;136.971664;,
         5.244133;-8.713442;138.772690;,
         7.707852;-7.405879;139.720718;,
         9.484885;-10.060225;137.631256;,
        17.438631;-5.322889;143.544250;,
        15.539759;-3.559168;144.465958;,
        16.491495;-3.596091;146.057831;,
        18.384119;-5.089556;145.671173;,
        -9.164120;-10.060234;137.493759;,
        -7.654479;-7.405886;139.697800;,
        -5.244239;-8.713446;138.772690;,
        -6.943870;-11.712630;136.971664;,
        14.281350;-6.891782;140.078690;,
        12.406750;-4.608752;141.436478;,
        14.287971;-4.533269;143.048294;,
        16.449017;-5.794672;141.830368;,
        -20.339699;-3.134005;148.653580;,
        -16.551353;-1.617630;149.005951;,
        -16.218433;-3.604481;146.184296;,
        -18.245806;-5.827307;145.926590;,
         5.811413;20.064486;156.782944;,
         4.866124;16.471270;156.408600;,
        -2.615936;17.107563;154.115524;,
        -4.509586;21.122082;153.912567;,
         3.609312;-12.853962;136.613831;,
         2.508300;-10.112837;137.766663;,
         5.244133;-8.713442;138.772690;,
         6.943768;-11.712625;136.971664;,
        -6.478707;20.064484;153.943176;,
        -5.162825;16.491388;153.835098;,
        -7.330182;15.370077;155.067993;,
        -8.896688;19.006884;155.791763;,
         6.487040;19.006889;153.777710;,
         6.223155;15.394943;154.824615;,
         4.866124;16.471270;156.408600;,
         5.811413;20.064486;156.782944;,
        -4.509586;21.122082;153.912567;,
        -2.615936;17.107563;154.115524;,
        -5.162825;16.491388;153.835098;,
        -6.478707;20.064484;153.943176;,
        -17.020681;-6.052459;143.267532;,
        -15.615316;-3.996839;144.473709;,
        -13.953794;-4.541656;142.999039;,
        -15.315431;-6.335519;140.934616;,
        20.838911;-0.514634;150.637115;,
        16.884422; 0.440535;150.029343;,
        16.933666; 1.743559;152.017807;,
        21.065550; 1.661366;152.970062;,
        18.384119;-5.089556;145.671173;,
        16.491495;-3.596091;146.057831;,
        16.550861;-1.634164;149.004410;,
        19.993513;-2.971532;148.726028;,
        -21.013624;-0.566240;150.618118;,
        -16.855705; 0.493392;150.228821;,
        -16.551353;-1.617630;149.005951;,
        -20.339699;-3.134005;148.653580;,
        -13.476507;-7.186259;139.598801;,
        -12.229215;-4.608952;141.416229;,
        -10.447961;-6.136020;141.048111;,
        -11.996393;-8.407837;138.325546;,
        21.065550; 1.661366;152.970062;,
        16.933666; 1.743559;152.017807;,
        15.891726; 6.145725;152.253708;,
        19.912247; 6.527202;151.831909;,
        -0.061750;-13.580694;136.253021;,
        -0.000051;-11.036325;137.803848;,
         2.508300;-10.112837;137.766663;,
         3.609312;-12.853962;136.613831;,
        -19.814327; 6.527186;153.939636;,
        -15.776196; 6.025637;154.258194;,
        -16.917704; 1.795877;152.396255;,
        -21.065660; 1.661349;152.970062;,
        -6.943870;-11.712630;136.971664;,
        -5.244239;-8.713446;138.772690;,
        -2.386791;-10.112838;138.099823;,
        -3.567006;-12.853966;136.550949;,
        -17.325600;-9.587969;146.009430;,
        -18.245806;-5.827307;145.926590;,
        -17.020681;-6.052459;143.267532;,
        -16.029709;-8.872253;142.505051;,
        -11.862572;-14.264148;145.839111;,
        -14.824221;-12.528819;146.606827;,
        -13.603814;-10.798326;142.609726;,
        -10.657583;-12.556527;141.817184;,
        -4.473405;-17.249260;145.568848;,
        -8.534218;-16.054434;145.609253;,
        -7.859366;-14.308046;141.451202;,
        -4.070216;-15.291362;141.572266;,
        17.658155;-8.950459;145.576904;,
        16.416269;-8.391664;142.493118;,
        17.438631;-5.322889;143.544250;,
        18.384119;-5.089556;145.671173;,
        12.504208;-14.250474;145.658813;,
        11.122712;-12.558608;141.781570;,
        13.913445;-10.650878;142.315247;,
        15.284367;-12.091945;145.981659;,
         4.473308;-17.249256;145.568848;,
         4.068017;-15.291776;141.571228;,
         8.057568;-14.309739;141.446716;,
         8.946665;-16.055340;145.609055;,
        -0.000048;-18.443171;145.528656;,
        -0.000049;-16.824816;141.403381;,
         4.068017;-15.291776;141.571228;,
         4.473308;-17.249256;145.568848;,
         8.946665;-16.055340;145.609055;,
         8.057568;-14.309739;141.446716;,
        11.122712;-12.558608;141.781570;,
        12.504208;-14.250474;145.658813;,
        -0.000048;-18.443171;145.528656;,
        -4.473405;-17.249260;145.568848;,
        -4.070216;-15.291362;141.572266;,
        -0.000049;-16.824816;141.403381;,
        -8.534218;-16.054434;145.609253;,
        -11.862572;-14.264148;145.839111;,
        -10.657583;-12.556527;141.817184;,
        -7.859366;-14.308046;141.451202;,
        16.449017;-5.794672;141.830368;,
        14.287971;-4.533269;143.048294;,
        15.539759;-3.559168;144.465958;,
        17.438631;-5.322889;143.544250;,
        -18.245806;-5.827307;145.926590;,
        -16.218433;-3.604481;146.184296;,
        -15.615316;-3.996839;144.473709;,
        -17.020681;-6.052459;143.267532;,
        -20.763683;-2.280724;159.405121;,
        -20.690430; 1.254716;160.035889;,
        -21.065660; 1.661349;152.970062;,
        -21.013624;-0.566240;150.618118;,
        -18.183111;-10.491262;162.450150;,
        -15.821963;-13.745732;161.856964;,
        -14.868323;-12.978382;163.797241;,
        -16.484737;-10.362675;165.441269;,
        -20.010479;-2.833297;163.864044;,
        -17.770645;-3.160884;167.826309;,
        -17.795246; 1.170534;168.404068;,
        -19.989407; 1.264406;164.478394;,
        -12.320558;-11.638661;168.745880;,
        -16.484737;-10.362675;165.441269;,
        -14.868323;-12.978382;163.797241;,
        -11.505926;-14.157462;165.699234;,
        -4.530416;-13.624736;170.436981;,
        -4.256020;-16.655722;166.765686;,
        -0.000048;-17.713484;167.196777;,
        -0.000050;-14.524488;171.006485;,
        18.563425;-9.970921;159.045624;,
        15.831906;-14.001001;159.382309;,
        16.061752;-13.719997;153.217972;,
        18.682783;-8.585423;151.041992;,
        18.157068;-10.702102;162.663193;,
        16.429047;-10.769324;165.964142;,
        14.911891;-13.089957;164.036224;,
        15.835624;-14.049234;161.830215;,
        20.024584;-3.012414;164.150757;,
        20.066133; 1.234239;164.694885;,
        17.932123; 1.107944;168.888504;,
        17.783133;-3.514200;168.461563;,
        12.900846;-3.773608;172.622375;,
        17.783133;-3.514200;168.461563;,
        17.932123; 1.107944;168.888504;,
        12.966731; 1.153084;173.237061;,
         4.530316;-13.624731;170.436981;,
        -0.000050;-14.524488;171.006485;,
        -0.000048;-17.713484;167.196777;,
         4.255923;-16.655718;166.765686;,
         8.933137;-12.732632;169.857101;,
         4.530316;-13.624731;170.436981;,
         4.255923;-16.655718;166.765686;,
         8.511893;-15.597952;166.334610;,
         9.180580;-4.113285;174.345322;,
        12.900846;-3.773608;172.622375;,
        12.966731; 1.153084;173.237061;,
         9.245308; 1.107265;175.052094;,
         8.933137;-12.732632;169.857101;,
         8.511893;-15.597952;166.334610;,
        11.505825;-14.124025;165.727875;,
        12.276601;-11.663340;168.756073;,
        -8.933337;-12.732613;169.857086;,
        -8.511992;-15.597959;166.334610;,
        -4.256020;-16.655722;166.765686;,
        -4.530416;-13.624736;170.436981;,
        -8.933337;-12.732613;169.857086;,
        -12.320558;-11.638661;168.745880;,
        -11.505926;-14.157462;165.699234;,
        -8.511992;-15.597959;166.334610;,
        -20.058878;-5.724569;158.607697;,
        -20.339699;-3.134005;148.653580;,
        -18.843098;-8.689064;151.004837;,
        -18.559885;-9.968739;159.077438;,
        -16.061853;-13.720010;153.217972;,
        -18.843098;-8.689064;151.004837;,
        -17.325600;-9.587969;146.009430;,
        -14.824221;-12.528819;146.606827;,
        -13.603814;-10.798326;142.609726;,
        -16.029709;-8.872253;142.505051;,
        -13.476507;-7.186259;139.598801;,
        -11.996393;-8.407837;138.325546;,
        12.396076;-8.620803;171.327332;,
        12.276601;-11.663340;168.756073;,
        16.429047;-10.769324;165.964142;,
        16.965458;-8.051807;167.591583;,
        16.061752;-13.719997;153.217972;,
        15.284367;-12.091945;145.981659;,
        17.658155;-8.950459;145.576904;,
        18.682783;-8.585423;151.041992;,
        13.913445;-10.650878;142.315247;,
        12.026000;-8.407827;138.290863;,
        14.281350;-6.891782;140.078690;,
        16.416269;-8.391664;142.493118;,
        12.026000;-8.407827;138.290863;,
        10.447854;-6.136012;141.048111;,
        12.406750;-4.608752;141.436478;,
        14.281350;-6.891782;140.078690;,
        -15.315431;-6.335519;140.934616;,
        -13.953794;-4.541656;142.999039;,
        -12.229215;-4.608952;141.416229;,
        -13.476507;-7.186259;139.598801;,
        -14.824221;-12.528819;146.606827;,
        -17.325600;-9.587969;146.009430;,
        -16.029709;-8.872253;142.505051;,
        -13.603814;-10.798326;142.609726;,
        15.284367;-12.091945;145.981659;,
        13.913445;-10.650878;142.315247;,
        16.416269;-8.391664;142.493118;,
        17.658155;-8.950459;145.576904;,
        -19.294493;-6.778450;162.936111;,
        -18.183111;-10.491262;162.450150;,
        -16.484737;-10.362675;165.441269;,
        -17.075171;-7.394236;166.818909;,
        -12.414348;-8.616894;171.316574;,
        -17.075171;-7.394236;166.818909;,
        -16.484737;-10.362675;165.441269;,
        -12.320558;-11.638661;168.745880;,
        -4.464011;-9.968688;173.537659;,
        -4.530416;-13.624736;170.436981;,
